%YAML:1.0
camera_matrix: !!opencv-matrix
  rows: 3
  cols: 3
  dt: d
  data: [4883.33021, 0.0, 126.85584, 0.0, 4760.8848, 620.66441, 0.0, 0.0, 1.0]
distortion_coefficients: !!opencv-matrix
  rows: 1
  cols: 5
  dt: d
  data: [0.032189, 0.226436, 0.001971, -0.059943, 0.0]
rectification_matrix: !!opencv-matrix
  rows: 3
  cols: 3
  dt: d
  data: [1.0, 0.0, 0.0, 0.0, 1.0, 0.0, 0.0, 0.0, 1.0]
